time,x,y,z,phi,theta,psi,x_velocity,y_velocity,z_velocity,phi_velocity,theta_velocity,psi_velocity,rotor_speed1,rotor_speed2,rotor_speed3,rotor_speed4
0.06,9.170932905592165e-08,4.588281935309254e-07,10.003519039125539,0.0003903878442201858,6.2829392393288614,0.0,1.4234912412777615e-05,3.825044189687379e-05,0.11729569956491812,0.01708685523341455,-0.013918153028251109,0.0,442.9752681422203,441.8295491332315,441.60043053854633,443.0073162185023
0.12000000000000001,9.532588786571525e-06,1.510866932934898e-05,10.014094470316124,0.0014807080849701393,6.281872130318135,0.0,0.0003985235394051415,0.000560865623912542,0.2352008641128815,0.020258334905074924,-0.026929274399682686,0.0,443.23407141532874,442.1637080470369,442.30860977717487,442.5696165306778
0.18,6.629453836285904e-05,8.3601733588258e-05,10.030992762143093,0.002341665436439655,6.280382075680235,0.0,0.0016499728253067322,0.0018309423206538953,0.32805230631552096,-0.0013647488277900698,-0.02094330678987913,0.0,434.1639858736981,434.6657205759343,435.88725100637026,434.0766987453768
0.23999999999999996,0.00023975193746429677,0.0002503975066112954,10.057535017543215,0.0019907960648399836,6.2790936129011925,0.0,0.004285695049586451,0.003704933452823676,0.5566053875036449,-0.01679968045099683,-0.022558155062472232,0.0,476.59142417558706,476.4680319965954,476.24333886460977,475.0615730445585
0.3,0.0005742895473621463,0.0005052089314141759,10.091338941833877,0.000806103414321413,6.27858319758127,0.0,0.006940546511494791,0.004691646330727355,0.5701851157663823,-0.026403260494893877,0.010492378241189638,0.0,407.07340070464113,410.01982493368905,409.66696862196545,408.8122549714184
0.36000000000000004,0.0011005117605852365,0.0007991734386633287,10.132384253512217,6.282266364453365,6.279283822372651,0.0,0.01051906409101788,0.004907611133432109,0.7978610624222457,-0.0339152288272414,0.013947013396503375,0.0,475.8786338420591,476.1428287078999,476.3975754628368,475.8227423541991
0.4200000000000001,0.001805823869293544,0.0010692352261266213,10.182479982642763,6.281190598720681,6.280427217567677,0.0,0.012892385072232893,0.003952861418956039,0.8719427539500226,0.002803872387425306,0.027699055573438457,0.0,429.0365596069369,430.20239225811144,427.34486859057995,430.46286552468064
0.48000000000000015,0.002633213532359397,0.0012632461182366533,10.239171002782191,6.281466776323532,6.282228481312545,0.0,0.014498229894917735,0.002538813266029026,1.017639694618201,0.007978203485886657,0.034301091119948175,0.0,452.67834792743383,453.2094968534121,450.75131253644696,451.1691391791792
0.5400000000000001,0.003514632189126088,0.0013830711307735999,10.302966964756548,6.2825305833678815,0.0013152074406512781,0.0,0.014663501709257645,0.001538114184383278,1.1088082259699088,0.0323025003001486,0.044183949306246056,0.0,434.4266199190159,435.2551263369907,434.4307946725146,436.4653309244281
0.6000000000000002,0.004359041342863435,0.0014703546113500321,10.371473068234819,0.001927701136062332,0.0036765761462955737,0.0,0.01323831524140826,0.0015961143026274158,1.1746623900017474,0.05870310901023146,0.027338705442260892,0.0,427.70708121116184,426.27097988909424,426.2422734300555,428.49330898458606
0.6600000000000003,0.005074743493052878,0.0016171316746855387,10.444060111761269,0.005475208381471752,0.005108100293127471,0.0,0.010467752415465381,0.0036412176032600808,1.2448299796440456,0.059955704408476085,0.01578786754494688,0.0,428.9323658593697,427.95048994389737,428.9632195231305,429.07215081942894
0.7200000000000003,0.005584861584449853,0.00197283233959416,10.523429868380184,0.008658779610448697,0.00590456047193566,0.0,0.0064404024444387345,0.00859468377996439,1.4006475144940886,0.03339434330577254,0.007702636770033234,0.0,457.1733457101055,456.52862424642024,455.82731500496146,453.70162499743697
0.7800000000000004,0.005847514530263271,0.0026749700104121295,10.610461820688483,0.010296640721624506,0.005946921133651806,0.0,0.0022834968933177413,0.014998692524334618,1.5002898532536846,0.010883728191251028,-0.019417197488222022,0.0,440.0927055548741,437.842446817373,439.4620574587931,437.5925426417632
0.8400000000000004,0.005851579904225734,0.0038144215645341995,10.705816110574142,0.010914755501685747,0.005527754926572648,0.0,-0.0020650887100324613,0.023052644679183977,1.6779423833233462,0.009112123559723774,0.010445026042025858,0.0,461.2332633880012,463.58553641982627,463.8132949037863,463.67402012654736
0.9000000000000005,0.005601250568723294,0.005444391766087393,10.811247204733132,0.011195963379370788,0.0058536313027870435,0.0,-0.006333412868257769,0.03132494717606214,1.836185786538331,-0.006090412016971095,-0.007187829653014674,0.0,458.3229259395341,456.9193938513129,458.45751136202733,457.24803212945585
0.9600000000000005,0.0050920863183740875,0.007572954019110329,10.926134745214599,0.01090750720533773,0.005374627465880799,0.0,-0.010587019275674951,0.03958822241307917,1.9931391332005743,-0.00235795063275314,-0.009624029074475047,0.0,457.56877708487065,457.374923081158,458.09731396099056,458.39408099446916
1.0200000000000005,0.004357581113299005,0.0101506216319674,11.046579569056226,0.011512026545041465,0.006020862546906258,0.0,-0.013914517546780572,0.04636139260322504,2.0216376909100484,0.027508743061989978,0.034980515285204544,0.0,414.87077955217075,418.7686888176748,417.0533814167315,419.65376227010836
1.0800000000000005,0.003367558760398593,0.013218309221285206,11.174422370562949,0.013165493581060339,0.008141314850290016,0.0,-0.01933557637578694,0.05608731792039619,2.2393842855467354,0.027655671489092756,0.03605186458595346,0.0,476.8500345585368,476.9323133874042,476.34640234261246,476.35777005022936
1.1400000000000006,0.0020407345274587865,0.016846430168362743,11.310647014174483,0.014639768844716627,0.010200194363107151,0.0,-0.025094512428099385,0.06500010697873375,2.3013101485535357,0.017552683095145794,0.030592671530044597,0.0,429.8950438844076,429.4327623281973,429.97432648072174,429.1177028641755
1.2000000000000006,0.00031727301857695966,0.021052795613019294,11.45171484261284,0.015788921125609257,0.011575872036867274,0.0,-0.03252385458108685,0.07532132515195869,2.4007431726575397,0.02217403320964172,-0.00040865939344008305,0.0,444.1182543139893,441.56833509471466,440.7016561706305,441.0834199549391
1.2600000000000007,-0.0018769613346510494,0.02590854375303161,11.599088840943626,0.01706856467861062,0.011346284189927225,0.0,-0.04060251338964485,0.0866682669533487,2.5114840078837246,0.019578123112369974,-0.011730739765290883,0.0,446.5067262030537,445.58218937221494,445.7887229858661,445.57655754160515
1.3200000000000007,-0.00456500617634774,0.03149670530074983,11.75457498238003,0.018179152463954296,0.010617746657005434,0.0,-0.04891565972498592,0.09972413674234126,2.6710264538920345,0.01628280314947886,-0.012978357710016378,0.0,461.7577750921671,461.6594742372645,461.14083260692297,460.8803892677735
1.3800000000000008,-0.0076882224306738965,0.037808708607351256,11.9150777280859,0.01915772993103193,0.010493767339103677,0.0,-0.05515678801313295,0.11076186594231185,2.6790443198951532,0.016363210122591704,0.013788106797618412,0.0,412.8701672445888,415.2250395596759,413.7213169534785,413.72832835268053
1.4400000000000008,-0.011268583620926417,0.04494708025216218,12.083585628808843,0.020802203895311067,0.01085616748452889,0.0,-0.06426693968100024,0.12734372329592322,2.9372539151366523,0.04340236576518317,-0.01774155912437858,0.0,492.5740448765835,490.2368506584787,489.6325419482477,491.6400877878449
1.5000000000000009,-0.015359164528657548,0.05305579860311229,12.264165441915274,0.023164661488273453,0.009672578709581714,0.0,-0.0719601771517822,0.14320993254353992,3.081689197162458,0.029772268868058862,-0.024024990329065375,0.0,458.74393822753893,458.2447695672845,459.85814155832384,458.77789612129374
1.560000000000001,-0.01988734182273799,0.06217366389835495,12.45377217646658,0.024898576442465625,0.00831199373161251,0.0,-0.07882073932706837,0.16090279074293584,3.238100953680474,0.027091616498466635,-0.020107440556268258,0.0,462.9736329133292,463.281753225793,463.62715263304693,463.4166882333479
1.620000000000001,-0.024780377025132902,0.07233811119822933,12.65063923229398,0.026911128265497908,0.006909332588238115,0.0,-0.08414927317628793,0.1780896781113209,3.3238834124881467,0.044046530528621064,-0.030885353105681756,0.0,443.10128785223884,442.21426456000876,441.5924517160288,442.989323719228
1.680000000000001,-0.029968778714365676,0.0836050782937584,12.853631569215514,0.02991151282102944,0.004829602006206635,0.0,-0.08859091463368172,0.19776358789142212,3.4421700836675515,0.059843100242954625,-0.043550744891175365,0.0,453.585345546281,452.5665168087567,452.57046922089125,453.84164706318427
1.740000000000001,-0.035396299911521434,0.09625850152415287,13.068246076192159,0.033946742076877534,0.002066583134922695,0.0,-0.09198269083897906,0.2244791345461781,3.7107980373815086,0.07900817593331418,-0.05158580705370959,0.0,498.185515329309,497.5966271156746,497.4325347278141,498.8368014243594
1.8000000000000012,-0.04093989184722257,0.1102919312338076,13.28945691881471,0.0385948086751009,6.282284737914217,0.0,-0.09256152307409128,0.24368340926931786,3.6630353030364335,0.07419593240920291,-0.04549644839329407,0.0,401.41866371724365,401.96908675045484,401.5988403204117,401.1675421516519
1.8600000000000012,-0.046463200246575374,0.1257743882407124,13.513387725655672,0.044175705302875734,6.279340708898717,0.0,-0.09124570066112324,0.2729356313149197,3.8008494610757007,0.11604156362212437,-0.057383294047976666,0.0,461.6415091685938,460.70111454976933,459.8878008476875,463.1968573047146
1.9200000000000013,-0.05182726278169881,0.1432762876576744,13.748538099389913,0.050894722397829995,6.275623391300504,0.0,-0.08712577177443392,0.31126072053774906,4.036646474933638,0.10230301582422792,-0.07317176800633728,0.0,491.5993848252021,490.4255872011161,491.6868231584859,490.6776383387372
1.9800000000000013,-0.056885897864239254,0.1630048065619165,13.99330385407646,0.057117167254181034,6.271351675044613,0.0,-0.081066145582178,0.34695676658502334,4.121864761556282,0.10637573080519834,-0.06751132578569842,0.0,448.3036036685584,448.759488624055,447.20021366089,447.5411348479343
2.0400000000000014,-0.06148541496510139,0.18504932712176897,14.243992334359463,0.06345362951588118,6.267280294613595,0.0,-0.07183484224226934,0.3884953172946927,4.233955113220876,0.10402700605331609,-0.0685550942301767,0.0,456.6629287320551,456.57633020847834,457.46979184131186,457.29212632721834
2.1000000000000014,-0.06547633345606914,0.20960084240903581,14.499566075272282,0.07017021996785733,6.263702736084813,0.0,-0.060838500449925344,0.4304915510239264,4.284921430533132,0.12432872381663809,-0.0460101468248125,0.0,438.0862012226937,439.95425075635404,437.8552793733692,439.55222193890046
2.1600000000000015,-0.06873122197635052,0.23684602905969537,14.758765819767817,0.07728992869779194,6.260708652633138,0.0,-0.04738354563055266,0.478374536728922,4.354733135272108,0.10384423006538492,-0.05911105510036386,0.0,445.3658338790023,444.29129039747227,446.7640057845798,445.1029065945145
2.2200000000000015,-0.07114834935277337,0.2669940199317354,15.020792455763928,0.08350201061485052,6.257474588209396,0.0,-0.0328826124640238,0.5271131288669018,4.379324498855852,0.1029088634110936,-0.045116782476677955,0.0,430.637123896304,431.8172899991442,432.0757075277734,432.0064998185795
2.2800000000000016,-0.07267523333317118,0.3000610996678557,15.282878717663905,0.08996566271743589,6.254726326687635,0.0,-0.017781977233165,0.5756577452365447,4.356898407468368,0.11594185312131532,-0.047215779823660584,0.0,416.89929440014424,416.7144492971521,415.48493808624045,416.6371085667504
2.3400000000000016,-0.07310221817148724,0.33661345878350435,15.548648142022296,0.09682315861720081,6.252003026441624,0.0,0.0038348474565227803,0.6434477993313462,4.501417410422613,0.11077149337012661,-0.04196434442059803,0.0,469.31162774235554,469.718006973666,469.4422971390435,469.05177063705645
2.4000000000000017,-0.07243384021478523,0.37657609929359537,15.814876219578721,0.10319857326478932,6.249489517754606,0.0,0.01863256659978276,0.689130011838378,4.373277960799121,0.09522164906327177,-0.041747180151795286,0.0,380.6921075971643,380.7116248612683,381.32453578508074,379.8478141570071
2.4600000000000017,-0.07061551884584796,0.4200561196601443,16.08001586773128,0.1088320479643361,6.246771429412636,0.0,0.04222831055674364,0.7607300559671072,4.4642545863382335,0.09109024311709044,-0.053573013567293964,0.0,454.1851302186979,453.2343988020716,453.6827521760296,453.3581508980523
2.520000000000002,-0.06727215996588716,0.4680972695744556,16.351971715694646,0.11490272702225113,6.243777758531902,0.0,0.06952976049945496,0.8411961384200113,4.600277624589793,0.1161196826389932,-0.0434019759263818,0.0,467.6370471337591,468.42727673516185,467.6404123809842,469.5942003506346
2.580000000000002,-0.06226393192991698,0.52099661797294,16.63116370316672,0.1218956683736776,6.241318842245995,0.0,0.09765387093808459,0.9227709321588293,4.70554886537271,0.11739338222094789,-0.03653595286200164,0.0,460.2293774166407,460.7717273803536,460.18429882767333,460.29677066598896
2.640000000000002,-0.05568150748527854,0.5784599999752732,16.91281512600095,0.12894221945927598,6.238946851666709,0.0,0.12195479600393119,0.9932646983494365,4.6827944486560655,0.11754051550928875,-0.046324334448874606,0.0,421.44530752012435,420.597386237074,420.1327891935608,420.158792701214
2.700000000000002,-0.04744400306068087,0.6407201442198597,17.19650669286983,0.136555627624519,6.236159574273479,0.0,0.15289145732992898,1.082749510732962,4.773042821240877,0.14099076527912494,-0.046716398689269384,0.0,458.24337222314944,458.2109942739353,454.96670070071775,456.85447849282195
2.760000000000002,-0.037378985191190275,0.7082579074356691,17.48379419453695,0.14462936351564704,6.233191843106148,0.0,0.18286631632847816,1.1692348462257842,4.802892401373189,0.11687735817236497,-0.05561096283393465,0.0,439.27161577332953,438.531724378245,440.472915138763,438.49051463510125
2.820000000000002,-0.025458217751505897,0.7811272666996848,17.772846321104772,0.15178850629664087,6.229905849100119,0.0,0.2147887548995214,1.260350993395648,4.8318686534748645,0.12379873498185613,-0.0531297330524453,0.0,439.16270243512776,439.36644474784566,439.6079859519494,440.194149428969
2.880000000000002,-0.011532666574887768,0.8596751208395743,18.064133600163622,0.15897164558568022,6.22677351974477,0.0,0.2496813004458373,1.3585409253180447,4.877303583593866,0.10997624722138259,-0.05041891158344363,0.0,445.13112012644075,445.3511704461275,446.4012003838685,445.28445232414094
2.940000000000002,0.0046290341966962545,0.9444773603087512,18.35955950338169,0.16566118179462475,6.223962254032735,0.0,0.2893103829132254,1.4687724371105482,4.969600795014562,0.11436144250910027,-0.040540746701386264,0.0,460.71401705662794,461.49323598787606,460.8726593348653,461.22968740217885
3.000000000000002,0.022941623042103888,1.0352413016486868,18.655827105060194,0.1731527681577072,6.221651057530508,0.0,0.3213073060718879,1.557268518838506,4.906064907651063,0.1402527151556858,-0.03475798471919701,0.0,411.2358411517725,411.7469792818002,410.63491797373314,412.9407423848065
3.0600000000000023,0.043448532855815104,1.132102436575844,18.952048864386814,0.18102671405461468,6.219544237241637,0.0,0.36243629072360856,1.6721452702036412,4.967450015711514,0.09912326116300463,-0.03583454678366219,0.0,452.3588571189436,452.27163862671324,454.7364669505387,451.4437278555709
3.1200000000000023,0.0665412032590576,1.236212749681782,19.25309434911164,0.1879065921428742,6.216956556831352,0.0,0.4075193262610242,1.7987311761783804,5.066687311050997,0.1349998891798268,-0.06460855145896195,0.0,467.8334449223497,465.5861614105356,463.0187804316368,465.8435379892326
3.1800000000000024,0.09252928304873762,1.3484249361668281,19.561957153030345,0.1956927217809925,6.212904311864204,0.0,0.4591346801077177,1.9423580297114647,5.2276403313534,0.11645316071610697,-0.07415070957524744,0.0,485.50023440138716,484.7806290281135,486.827506031359,485.4512378002915
3.2400000000000024,0.12149906175070023,1.468841161148377,19.877541988040335,0.20252564809755214,6.208445738045567,0.0,0.5069287758192883,2.072057678368817,5.2912306292118485,0.10817383429735629,-0.07462899769411184,0.0,458.5623971707856,458.5202681954799,458.4097729372598,457.76238724029315
3.3000000000000025,0.153267947149269,1.5967448117927066,20.19488047558055,0.20888041382197997,6.204513929220658,0.0,0.5523895351768096,2.191885945406657,5.286440463009463,0.1009611857135141,-0.05171541935373137,0.0,435.92378582816764,437.8311960862746,438.88423077707006,438.2950320839446
3.3600000000000025,0.18798258697276338,1.7323397136508119,20.51377895421482,0.21504074989383515,6.201610431709868,0.0,0.60501896670557,2.3283884572969304,5.342910929016877,0.1058893518749584,-0.04245998021642711,0.0,456.83600533007734,457.57215367793236,458.5959951707224,458.9961209728992
3.4200000000000026,0.22586958312439825,1.8761298682904068,20.83555245096386,0.22107885915282477,6.198840005198161,0.0,0.658097826685256,2.465064515137299,5.382342587713162,0.08723754072413514,-0.054885283285331016,0.0,454.71881937002365,453.7209232686836,454.3131591923013,452.8232933343797
3.4800000000000026,0.2668562552195601,2.027857661937395,21.158052589658954,0.22704066173229798,6.195435644670173,0.0,0.7084027059206582,2.592929662694622,5.367413576991264,0.11647595788099231,-0.06073057690056604,0.0,437.6609044640028,437.1717580533103,436.21781897970135,438.661346267535
3.5400000000000027,0.3115469446320605,2.1889524868954133,21.48650811412701,0.23362765027677224,6.192409278922117,0.0,0.7815619318969528,2.777342890159749,5.579560519025538,0.09100619756155616,-0.035266694054257766,0.0,506.5954639239364,508.42198822790874,508.3929198370718,506.5731504733987
3.6000000000000028,0.3599841301426653,2.3594438569481184,21.82008937967089,0.2388183542382345,6.19051728952887,0.0,0.8331717118246539,2.9060715507644694,5.539690622023984,0.07553512670568913,-0.024953708393945635,0.0,433.0231939364836,433.889667701161,433.1452782023461,431.8482554866677
3.660000000000003,0.41168522768361765,2.5380797966699618,22.152695992363746,0.24300496374633251,6.188729721676175,0.0,0.8903136692503151,3.048710576599679,5.546829834577395,0.054623172313287095,-0.041847235620692334,0.0,449.47342599362696,448.10161673708143,449.46224707857806,447.7674075321662
3.720000000000003,0.4665736354475603,2.72462916519367,22.482895200599973,0.24619357003118836,6.186082653135703,0.0,0.9395145061201465,3.1698180643461393,5.459982529143659,0.050007619073557996,-0.049095269511551465,0.0,417.87872538069604,417.245023461216,418.60741968350374,418.2075295790666
3.780000000000003,0.5249040765513943,2.919594972873227,22.812318408293226,0.2489437182800902,6.183407478814495,0.0,1.0050471649156316,3.3290853066175687,5.520147756160818,0.035816944724528066,-0.036825268374595536,0.0,466.06808451318494,467.0252114912237,465.9835092676741,464.87375676583383
3.840000000000003,0.5870940037130338,3.123848287434683,23.14415898898793,0.25140386421301475,6.181326108516341,0.0,1.0681050355853952,3.4793775332976744,5.5407961083433115,0.04975259492136379,-0.030728594273645014,0.0,454.41612985499876,454.9042067040524,454.4221640477503,455.5389423763997
3.900000000000003,0.6532545456285471,3.337513485881141,23.478649922854338,0.25381059425788255,6.179500798008455,0.0,1.1373541354559704,3.6428105413491423,5.608199953746861,0.0011642800499415719,-0.02981539175999915,0.0,470.28668417082145,470.35718076950394,472.4319480036454,468.67036954389084
3.960000000000003,0.723535109319119,3.5608323549149596,23.816537029435583,0.25393878281520443,6.178424311407509,0.0,1.2053996971057508,3.8009099571016147,5.654219622152885,0.004013373070807656,-0.0010773970233471583,0.0,464.5259690306142,466.77454580818494,464.47242238380966,464.6958163025703
4.020000000000002,0.7981900729167798,3.794279929060052,24.159749457141476,0.2538403446889781,6.178392607520813,0.0,1.2829833801943669,3.980303673210372,5.78522940408074,-0.01643351832697125,0.0005476972044888235,0.0,492.08698208678476,492.207301433961,492.60869392239243,491.09411843496997
4.080000000000001,0.8768036393530191,4.036801778055265,24.504442586440412,0.2530657100286069,6.178216784674557,0.0,1.3374856709097014,4.1036173220739975,5.704836851892119,-0.006660750138306451,-0.010997850120081901,0.0,427.1622509708875,426.17634210015933,426.60668692203245,427.44066835469124
4.14,0.9589545616243657,4.287314110936022,24.846759639430562,0.2523598590241054,6.177766045797512,0.0,1.4008871905220093,4.246543491854477,5.705540203082034,-0.02467517928119738,-0.0013213567567671768,0.0,453.15100362944105,453.9284836603809,453.4125644863202,451.9627314794205
4.199999999999998,1.0445945170778248,4.545606562996299,25.186219890604086,0.2509229994897568,6.178050242141442,0.0,1.4537891304242174,4.363032758143766,5.610215495601078,-0.022531101199939025,0.014711113182125621,0.0,421.01862941274834,422.4038136238233,421.08488465250457,421.2702695830682
4.259999999999997,1.1342879607810161,4.812932346354119,25.528159876735657,0.24997707752718945,6.179232221999129,0.0,1.53571421709536,4.547225003552256,5.786623422885208,-0.004841961560982573,0.028167264887141837,0.0,504.95872706538194,505.92860853635904,505.95823697650934,507.2305314141179
4.319999999999996,1.2281172994339558,5.089491477923829,25.873769010311836,0.24978768426911824,6.180545689780079,0.0,1.5917913466205311,4.671263958181385,5.7338366579886735,1.7672104669505745e-05,0.004783583497526203,0.0,438.65513634109146,436.70849920675823,437.35400985562666,437.75874726813856
4.379999999999995,1.325247218499878,5.373358117677827,26.215826135545992,0.24989339477740025,6.180894263052306,0.0,1.6458430135672117,4.790843317740402,5.668276022712515,0.005040226484924919,0.0077864379830621415,0.0,433.2958546334332,433.54819951119487,432.4141181208096,432.83709447893875
4.439999999999993,1.4259716001634137,5.665242113855471,26.557377433063127,0.25007579807595803,6.181075698797697,0.0,1.7115248688507665,4.93835034461844,5.716290746184028,-0.0012950607513220027,-0.008792322328629146,0.0,469.56457923556724,468.2763651443015,469.90117355813135,469.40963168486536
4.499999999999992,1.5302624458697949,5.965052899471401,26.898326076983,0.24963027902414403,6.180788274758404,0.0,1.7648650293834818,5.055197364107803,5.648892517274956,-0.023971056463478135,0.0022058050501181175,0.0,433.370013566754,434.2938079183043,433.12208632771194,431.21030082408043
4.559999999999991,1.6380521351212638,6.272548346090931,27.238075075618116,0.24799336625543233,6.180771731743494,0.0,1.8280560294108466,5.194230793408282,5.675801826448447,-0.03489730240056486,-0.005769227408948646,0.0,464.02122141282274,463.39459460403714,462.9682206457965,462.1073562043568
4.6199999999999894,1.749238346867977,6.587382767978822,27.575770707212808,0.24634330028420592,6.181230307851202,0.0,1.8781555619292327,5.30001695639159,5.581194634271943,-0.015762067890469578,0.026037463790144915,0.0,422.37759624691256,425.11258242725023,422.9384163325656,424.58346866206995
4.679999999999988,1.863180435202331,6.9079483396665635,27.9055965959208,0.2455424973275191,6.183226548976073,0.0,1.9198517494492295,5.3854643953247345,5.413893329584938,-0.008907677967921843,0.044800783974177756,0.0,395.88934376388147,397.61314766324233,396.6336875619788,397.26298014108136
4.739999999999987,1.980079386302781,7.234789471538475,28.23017358003599,0.24516005597774093,6.186719179175427,0.0,1.9764499848898147,5.50898603322394,5.405304109731535,-0.001735230494982205,0.07659667740194809,0.0,447.8856954530242,450.46699475457075,449.37735898535186,449.9586325142292
4.799999999999986,2.1007765218180503,7.5702106288478275,28.559090140373378,0.2457190296975913,6.1914742036348756,0.0,2.046110522834405,5.671305189435801,5.557590865177038,0.02531995160404827,0.08408728566689035,0.0,499.2419813721265,499.79259350097703,497.2113955861684,499.1899283688866
4.859999999999984,2.224911484902326,7.913690243153913,28.890530192091397,0.24743905219502693,6.19660514919704,0.0,2.0912915182559546,5.778025353229198,5.4906732941574585,0.034636855741483334,0.08822798284568696,0.0,432.57289250840637,432.9277555767526,431.85313306938895,432.6387692772803
4.919999999999983,2.3516297319660056,8.263466902039761,29.217567965014638,0.24920501111009408,6.20176794808614,0.0,2.1322232148273277,5.881245692282535,5.41091517666406,0.01619071490282347,0.08128543757537944,0.0,427.7328330362234,427.14742171091524,428.5116613522088,426.9405621822646
4.979999999999982,2.4810847283243804,8.62055702964812,29.544274174165224,0.25046320187441484,6.2067053816549755,0.0,2.182358305176339,6.021537348841745,5.478766666835517,0.029131794485963532,0.08422743228514618,0.0,474.5202806859416,474.7511428127216,473.7843884920985,474.77851439322575
5.0399999999999805,2.6130993690012554,8.984946133149931,29.870732111208532,0.25199860600744906,6.211363217373014,0.0,2.217721342534484,6.124779151043362,5.403482038046652,0.01735111267349955,0.05924607379036928,0.0,430.05857961688423,427.9416058385644,430.5612233370117,429.5632448312699
